#                                                                                     --- full sequence --- -------------- this domain -------------   hmm coord   ali coord   env coord
# target name                 accession   tlen query name           accession   qlen   E-value  score  bias   #  of  c-Evalue  i-Evalue  score  bias  from    to  from    to  from    to  acc description of target
#         ------------------- ---------- ----- -------------------- ---------- ----- --------- ------ ----- --- --- --------- --------- ------ ----- ----- ----- ----- ----- ----- ----- ---- ---------------------
g17[scaffold_1:943802-944914] -            370 EOG092645OU          -            304  8.3e-113  366.7   7.6   1   3   4.2e-06   2.9e-05   13.6   0.2     2    37    10    45     9    51 0.93 -
g17[scaffold_1:943802-944914] -            370 EOG092645OU          -            304  8.3e-113  366.7   7.6   2   3   9.7e-86   6.8e-85  275.1   0.1    37   237    64   276    56   284 0.90 -
g17[scaffold_1:943802-944914] -            370 EOG092645OU          -            304  8.3e-113  366.7   7.6   3   3   8.5e-27     6e-26   81.5   0.4   237   303   300   367   293   368 0.96 -
g3[scaffold_1:894003-896714]  -            903 EOG092645OU          -            304   8.1e-26   81.1   4.7   1   3   3.8e-16   2.6e-15   46.5   0.2    38   195     8   170     2   175 0.89 -
g3[scaffold_1:894003-896714]  -            903 EOG092645OU          -            304   8.1e-26   81.1   4.7   2   3   6.8e-13   4.7e-12   35.8   0.1   127   197   189   259   172   331 0.81 -
g3[scaffold_1:894003-896714]  -            903 EOG092645OU          -            304   8.1e-26   81.1   4.7   3   3      0.52       3.7   -3.2   0.0   210   251   436   479   402   486 0.68 -
g15[scaffold_1:938670-940766] -            698 EOG092645OU          -            304     9e-09   25.1  12.8   1   4     0.002     0.014    4.7   0.3   144   195    88   139    79   143 0.83 -
g15[scaffold_1:938670-940766] -            698 EOG092645OU          -            304     9e-09   25.1  12.8   2   4   0.00012   0.00087    8.7   0.0    33    72   146   184   139   196 0.87 -
g15[scaffold_1:938670-940766] -            698 EOG092645OU          -            304     9e-09   25.1  12.8   3   4   8.4e-07   5.9e-06   15.8   1.7   143   214   223   296   211   410 0.69 -
g15[scaffold_1:938670-940766] -            698 EOG092645OU          -            304     9e-09   25.1  12.8   4   4      0.51       3.6   -3.2   0.0    93   157   505   571   496   583 0.56 -
#
# Program:         hmmsearch
# Version:         3.3 (Nov 2019)
# Pipeline mode:   SEARCH
# Query file:      /space21/PGE/rangeles/bin/funannotate_db/dikarya/hmms/EOG092645OU.hmm
# Target file:     /space21/PGE/rangeles/TGFH/TGFH/Sesion2/out/P.pastoris_GS115/predict_misc/busco/run_p.pastoris_gs115_xxx/augustus_output/extracted_proteins/EOG092645OU.faa.2
# Option settings: hmmsearch -o ./tmp/temp_p.pastoris_gs115_xxx_201029403 --domtblout /space21/PGE/rangeles/TGFH/TGFH/Sesion2/out/P.pastoris_GS115/predict_misc/busco/run_p.pastoris_gs115_xxx/hmmer_output/EOG092645OU.out.2 --cpu 1 /space21/PGE/rangeles/bin/funannotate_db/dikarya/hmms/EOG092645OU.hmm /space21/PGE/rangeles/TGFH/TGFH/Sesion2/out/P.pastoris_GS115/predict_misc/busco/run_p.pastoris_gs115_xxx/augustus_output/extracted_proteins/EOG092645OU.faa.2 
# Current dir:     /space21/PGE/rangeles/TGFH/TGFH/Sesion2/out/P.pastoris_GS115/predict_misc/busco
# Date:            Wed Jun  1 00:47:45 2022
# [ok]
